1024 2149
1152 2166
1280 2158
1408 2082
1536 2144
1664 2111
1792 2104
1920 2123
2048 2120
2176 2097
2304 2122
2432 2119
2560 2109
2688 2106
2816 2099
2944 2094
3072 2082
3200 2045
3328 2066
3456 2123
3584 2129
3712 2112
3840 2090
3968 2076
4096 1985
4224 2053
4352 2080
4480 2121
4608 2141
4736 2143
4864 2132
4992 2129
5120 2135
5248 2136
5376 2003
5504 2121
5632 2058
5760 2048
5888 1995
6016 1995
6144 2006
6272 2015
6400 1966
6528 1991
6656 2104
6784 2041
6912 2116
7040 2126
7168 2136
7296 2130
7424 2124
7552 2125
7680 2128
7808 2104
7936 2119
8064 2094
8192 2072
8320 2122
8448 2117
8576 2120
8704 2115
8832 2100
8960 2138
9088 2115
9216 2107
9344 2112
9472 2114
9600 2118
9728 2100
9856 2078
9984 2067
10112 2056
10240 2060
10368 2086
10496 2087
10624 2078
10752 2088
10880 2088
11008 2046
11136 2075
11264 2083
11392 2083
11520 2063
11648 2042
11776 2068
11904 2073
12032 2064
12160 2074
12288 2063
12416 2071
12544 2037
12672 2064
12800 2072
